camera_matrix:
- - 635.1306705491589
  - 0.0
  - 645.0222282698973
- - 0.0
  - 635.9196439348528
  - 366.5113750595844
- - 0.0
  - 0.0
  - 1.0
dist_coeffs:
- - -0.03264380253804215
  - 0.01148390776202111
  - -0.000278474070769153
  - 0.0025686918662898646
  - -0.013058982465555627
image_height: 720
image_width: 1280
mean_reprojection_error_px: 1.470563494903832
pattern_cols: 9
pattern_rows: 6
rms: 1.4705634836489743
square_size: 0.024
